point=         0
 13.36712741   0.00000000   0.00000000 
 -0.00000053  13.36712741   0.00000000 
 -0.00000053  -0.00000053  13.36712741 
 pbc  1      1      1
O  16.0     9.96218429    11.57702146     9.24858882    -0.31184413     2.34471883    -4.28316714 
H  1.0    10.02684974    12.55684598     9.03062073     0.02035595    -1.94332827    -0.91648052 
H  1.0     9.99515203    11.75000949    10.12527670     0.32400134    -0.66514476     5.03403767 
O  16.0     8.73602778    10.48384718     6.89920077     5.76945586    -4.45821309     0.03740803 
H  1.0     8.05407711    11.01217770     6.92349000    -5.97514423     4.79770174    -0.00956862 
H  1.0     8.98077224    10.46585515     7.83801406     0.45211023    -0.13677402    -0.26270415 
O  16.0    11.17077211     7.49854688     9.32918251     2.88418800    -0.40277125     2.84162593 
H  1.0    11.95739403     7.35513985    10.08484756    -3.35554860     1.16266378    -2.80028257 
H  1.0    10.77664093     8.37560518     9.47661128     0.71150692    -0.48547648     0.13934564 
O  16.0     1.00261089     3.03197902     2.97703985     1.01903159    -0.04619144     1.70521827 
H  1.0     1.57239716     2.84884138     3.79201508    -1.59359119     0.66831750    -1.83403061 
H  1.0     0.07528340     2.97413466     3.24985716     0.15000801    -0.29118119     0.19358104 
O  16.0     1.41172837    10.83971885     7.60787489     2.52418707   -10.63933364    -4.73150094 
H  1.0     0.67253131    10.60121868     6.99535227     1.23365712    -0.38791489     0.64910621 
H  1.0     1.09320603    11.57019507     7.81467734    -3.77224238    11.18204240     4.26836272 
O  16.0     6.33822001     7.72646350     9.01453374     8.82279683    -4.13389910     1.31429210 
H  1.0     5.87354951     7.73053817     8.29744571    -4.11818965     0.09316140    -7.18952835 
H  1.0     5.84931319     8.12641563     9.58218213    -4.78420344     4.28583081     5.80807385 
O  16.0     7.57009164     3.53431107     0.41749065     4.57124913     2.43921207    -0.11324224 
H  1.0     7.74905937     4.10587008     1.20556622     0.99537743    -0.78386294    -0.74912218 
H  1.0     6.74298766     3.34788194     0.68055364    -5.58587899    -1.66096956     0.76754157 
O  16.0     4.25359519     9.42348189     1.46298977     2.08070753     4.87930860     0.57643651 
H  1.0     5.01779588     8.91256130     1.65389574     2.08563891    -0.16143606     0.70089854 
H  1.0     3.68785713     8.76354499     1.32949953    -4.39171918    -4.33938692    -1.14726801 
O  16.0     6.19343713    11.12129405     7.29327904    -0.12916355    -0.24911330     0.98985470 
H  1.0     6.36531389    10.20534122     6.94635046    -1.17725737     1.25191711     1.63194693 
H  1.0     5.86217220    11.20178190     8.25468819     0.62786888    -1.30815231    -2.59321609 
O  16.0     0.76022656    -0.04214156     9.15973997     0.16696856     2.62988518    -1.18611740 
H  1.0    -0.21948101     0.07527334     9.26890923     1.14062427    -0.23167504    -0.24411301 
H  1.0     1.08299820     0.86485548     8.76931303    -0.70761426    -2.96466357     1.51016914 
O  16.0     8.05995098     5.68082317     6.12115152     5.10205367     0.04596107    -3.96505466 
H  1.0     8.98558775     5.32865573     6.30636354    -1.18598884     1.38491006    -1.03702418 
H  1.0     7.72106589     5.42353721     6.88226710    -3.61001082    -1.52010388     5.47434447 
O  16.0     8.89816768     4.25362694     2.87714177    -3.43926377     2.50995344     1.25114577 
H  1.0     8.88070483     3.64658131     3.58501683     1.27127752    -2.87564165     1.15894082 
H  1.0     8.06640694     4.63412652     3.41266911     1.92084653     0.54230252    -2.44814409 
O  16.0     4.91319871     0.22833309    10.45024443     1.13668020    -0.14381371     0.85079394 
H  1.0     5.56800259     0.88837741    10.11929700    -0.02735912    -1.65463436     0.85133901 
H  1.0     5.34733569    -0.38900028    11.12674457    -0.89920269     1.56334472    -1.70215866 
O  16.0     4.28395938     9.93334413     9.13232859    -6.22711248    -1.55009325     0.71485449 
H  1.0     3.84399616    10.09490193    10.05722451     1.52643394    -0.23388207    -2.53204437 
H  1.0     3.28139083     9.55656996     8.63844750     4.68932968     1.80077080     1.94335398 
O  16.0    12.67591085    12.32908811     1.22532570     2.49330811     1.28413305    -0.10469641 
H  1.0    13.41633560    12.96177238     0.97083380    -1.05559270    -1.03889081     0.64822689 
H  1.0    12.02407036    12.72623560     0.66608064    -1.29431462     0.07075320    -0.60899698 
O  16.0     1.30740638    11.76265682    11.53368184     2.26255661    -7.09563161    12.89892320 
H  1.0     1.53202094    12.41486773    12.32056835    -0.82807566    -1.69113376    -2.44812866 
H  1.0     1.23456514    12.30649224    10.93549993    -1.27265564     8.84346851   -10.46655542 
O  16.0    11.28126432     4.24930886    11.88405007    -2.54806235    -2.06410848    -1.12641121 
H  1.0    12.17885470     4.25312423    11.66269525     1.98014134     0.59784352     0.36754969 
H  1.0    11.00508673     4.86852028    12.52440741     0.58938459     1.22586153     0.62282438 
O  16.0     8.53901510     8.71216189     4.66002446     2.92596845     4.98012161     3.21329967 
H  1.0     7.72768061     8.43302091     4.89278834    -4.75102076    -2.81809518    -0.02353383 
H  1.0     8.34454248     9.43406543     5.57662817     2.41730626    -2.05410688    -3.16952404 
O  16.0     5.00903270     3.05227297     1.59906769     4.06727663    -3.22647401   -11.47458268 
H  1.0     4.86324967     3.32265077     2.35172701    -2.23504065     4.42680961    12.14877773 
H  1.0     4.23023202     2.63569938     1.31184088    -1.73259025    -1.25650910    -0.48203480 
O  16.0    10.09934702    13.56408187     4.34452371     1.22676142    -4.66243592     0.24625628 
H  1.0    10.89903962    13.52582236     4.94672738    -1.57300693     0.03108774    -0.95098474 
H  1.0     9.97620748    12.50112362     4.10884406     0.50681305     4.42592515     0.93279675 
O  16.0     4.17263637     5.79798300     3.31616306     7.16674836     1.96716755    -4.16573965 
H  1.0     3.95958963     6.04447374     2.43183915    -1.52871194     0.14446317    -0.38246621 
H  1.0     3.66259950     5.58001491     3.96086495    -5.97786960    -2.14991138     5.06342540 
O  16.0     2.40837544     4.38787391     5.43898918    -9.15524065     1.12116615    -5.58176522 
H  1.0     3.07887471     3.89472838     5.40872025     8.51375006    -6.43655466    -0.43459278 
H  1.0     2.53454187     4.94815615     6.07294348     0.61528590     5.33452781     6.39264019 
O  16.0     2.27704953     7.56056645    10.66715416    -1.85418293    -1.51714711    -2.44562955 
H  1.0     3.04675894     7.03033088    10.85935133     0.23694683    -0.16117381     0.26679941 
H  1.0     1.87074727     7.01736604     9.84301358     1.19575904     1.59601318     1.57427706 
O  16.0    13.44649870     7.82049829     6.21444546    -2.30682589     0.46639889    -5.48560591 
H  1.0    12.83879159     8.56838444     6.33689707    -1.34993790     1.32308014    -2.04413099 
H  1.0    13.88931419     7.71148779     5.25316331    -0.44839087     0.68563132     2.63799959 
O  16.0     7.07065419     6.37849040    13.00505907     0.82302086     0.17476312    -1.95449200 
H  1.0     7.19061866     6.63789307    12.01412183     0.45996290    -1.43208469     2.77361507 
H  1.0     7.69005611     5.64272241    13.31722071    -1.34608124     1.42095695    -1.49066474 
O  16.0     6.32991193     0.37608836     6.48803008    -3.87687605     0.06044461    -9.10875508 
H  1.0     5.44020629     0.51711514     6.70451648    -1.36832644    -0.56278908     1.06035953 
H  1.0     6.80532473     0.39692101     7.18188724     5.30789116     0.10126450     8.17981499 
O  16.0     1.69826196     6.21174666     7.98544283     1.47068725     2.59835830    -0.01276656 
H  1.0     0.95715986     5.66060860     7.91326306    -1.07067480    -1.23782745    -0.00906571 
H  1.0     0.28746176     7.89590604     7.08912247     4.40491409    -2.06303376     4.85350499 
O  16.0     4.89233325     2.76590872     5.85756835    -5.92140814    -6.70127559    -9.15734896 
H  1.0     5.15872106     1.80083237     5.82968072    -0.22777827     2.48256603    -0.44109408 
H  1.0     5.30537194     3.08139888     6.49353352     6.13558115     4.92974853     9.34740501 
O  16.0     2.32383408    11.51314977     1.80671153    17.96389640     5.89322883     5.18596938 
H  1.0     1.62090683    11.22157313     1.57184681   -14.15321087    -5.23286633    -5.16329224 
H  1.0     3.16071726    10.90009797     1.73488102    -1.72866675     0.27328888    -0.02531304 
O  16.0    -0.24803912     8.36830254    11.75847632    -7.90157005   -10.03152452     5.58670174 
H  1.0     0.08005922     9.03252577    11.44567967     5.42955583    12.50333305    -5.56011652 
H  1.0     0.44408340     7.77763494    11.73016534     2.46874892    -2.41089906    -0.02803327 
O  16.0     0.40912436     8.56520938     3.42552811     3.79759861    -3.66961931    -0.10136786 
H  1.0     0.57793030     7.87966030     2.68586538    -1.23956038     1.87985284     1.54629315 
H  1.0    -0.34335981     9.08528474     3.43252384    -2.47755238     1.26370819    -1.02174154 
O  16.0     3.07666804     1.67975134     8.51578422     3.02346473    -0.09616188    -0.06038856 
H  1.0     3.25302164     1.72405405     7.56061936    -0.32921863     0.24775524     0.45414706 
H  1.0     4.01979412     1.50364116     8.86578203    -2.78712366     0.05692168    -0.50129855 
O  16.0    10.07939704     1.81922657    10.97524114     0.84571343     1.05771643     0.28076771 
H  1.0    10.72583992     2.06193370    11.69074164    -0.89221443    -0.00694764    -1.27082501 
H  1.0     9.81491427     2.69154345    10.58338541     0.49811346    -1.41884350     1.19087394 
O  16.0    10.80569276    10.87199866    11.87113815     1.44783013    -7.43568590    -3.43604474 
H  1.0    10.53422485    11.40514470    12.50546287    -1.96579458     4.11681668     4.48295740 
H  1.0    10.65794648     9.90921365    12.23150783     0.56569443     3.14179211    -1.14761768 
O  16.0     6.30038384     4.59694653     8.25283607     1.11132911     3.21799965     2.91102519 
H  1.0     5.95091521     5.56107036     8.21870414     0.33335554    -2.42351290    -0.66421916 
H  1.0     6.87475278     4.78351854     9.09290489    -1.54615431    -0.90555846    -2.20114835 
O  16.0     9.57175734     8.75190309     1.63538512     1.42374917    -2.92929031   -11.09246512 
H  1.0     8.63347324     8.61325867     1.25106488     2.20270130     0.50387068     0.38621539 
H  1.0     9.32510785     8.94849243     2.39846924    -3.07700542     2.71651084    11.19325242 
O  16.0     5.53752198     9.17085269     4.98449475    -3.44825235   -13.16498111     8.69254467 
H  1.0     4.76646845     9.03649460     4.48327398    -2.40043981    -1.52596086    -0.02932345 
H  1.0     5.73554009     9.80279611     4.56451855     6.09007260    14.74893580    -8.68868801 
O  16.0     2.84629603     1.19383437     1.91496002    -1.90765162    -1.23981749    -0.17003435 
H  1.0     1.93069246     1.38785719     2.28159516     1.89665244    -0.23463026    -0.71885513 
H  1.0     2.71480079    -0.84457741     1.75787906    -1.73785073     0.47811027    -0.11950391 
O  16.0     6.90205833     8.34618293     1.59153750     0.25429356    -0.53892409    -1.40506752 
H  1.0     6.85004021     8.03492090     0.63261019     0.16878633    -0.22930808     2.06789314 
H  1.0     7.35953202     7.63697963     2.10188129    -1.15946533     0.34623523    -0.37419136 
O  16.0    11.60834875    10.26968916     6.05865569    10.93979293     0.47253868    -3.74492182 
H  1.0    10.77277794    10.17994071     5.94927476    -9.16619356    -0.91204279    -0.58695747 
H  1.0    11.91114395    10.37134411     4.91971288    -1.57243615     0.04645215     4.28247809 
O  16.0     0.70803381     3.66183220    11.47541943     2.18479098     1.96984664    -5.93380086 
H  1.0     1.56968777     4.07620970    11.05308310    -1.76781953    -0.80413867     2.66899169 
H  1.0     0.40483009     3.70158399    10.45003276    -0.36112707    -0.86378830     2.95434830 
O  16.0    11.97924905     3.00208051     6.74071220     5.40281634    -5.49609602     5.98080066 
H  1.0    12.09064086     3.84258326     6.83252444     0.25103494     7.86526606     0.06728684 
H  1.0    11.44208127     2.68582305     6.16713702    -5.52257840    -2.23045380    -6.12514247 
O  16.0     8.32797923     2.50748503     5.06632143    -3.36882579    -0.20788460     2.74869593 
H  1.0     7.84865052     1.54703898     5.18433853     1.70408184     4.03552349    -0.19726903 
H  1.0     7.81785240     3.25201091     5.68664412     1.69420880    -3.40969092    -2.46927857 
O  16.0     8.46508905     6.15554804    10.09828867    -3.33983401    -5.77948317    -0.73351557 
H  1.0     9.00305060     6.46569880    10.70954126     4.46625036     1.49811580     4.57522406 
H  1.0     8.36073530     6.86501592     9.58451051    -1.13906104     4.02691029    -3.74210904 
O  16.0     4.42891689    11.24395732    12.37195146    -0.13601863    -3.19100305     2.42288041 
H  1.0     3.46928049    10.87956590    12.28156799     2.61456140     0.97584732     0.27023595 
H  1.0     4.94996594    10.61100846    13.08528234    -2.58114733     2.32372319    -2.85119044 
O  16.0    10.86035676     6.01171767     6.86184086     4.32310154     4.23629076    -0.92369504 
H  1.0    11.41593991     7.29719495     5.85338785    -2.14382300    -3.79455957     2.71287530 
H  1.0    11.58829293     6.30668105     7.56591114    -2.69266642    -0.90176351    -1.79718668 
O  16.0    10.06844307    -0.19169444    13.08057266    -0.11885034     1.89499664    -1.95810698 
H  1.0     9.61287441     0.62999076    12.69474956     1.07142042    -1.96973351     0.89253325 
H  1.0     9.55291864    -0.42479595    13.82163242    -0.95001800     0.15188595     1.36883552 
O  16.0    11.62358905    10.73901643     3.31502533    -1.38693095    -3.50923895     2.28493551 
H  1.0    12.05201092    11.45673948     2.93400716     0.94403762     1.90039082    -2.34456971 
H  1.0    11.14404867    10.09410817     2.75529872     0.56419805     1.39977105    -0.20928277 
O  16.0     3.09323658     6.86385173     1.10074151    -2.15396344    -2.24817900    -2.72709865 
H  1.0     3.45382851     6.46204748     0.23329677    -0.30357649     1.06307462     1.65453666 
H  1.0     2.14058002     6.45215187     1.03071549     2.39220713     1.45197475     0.40024539 
O  16.0     8.75296145     1.15084930     1.97543969     4.96217016     7.85138209    -2.79931584 
H  1.0     8.08932031     0.69649775     2.21148976    -7.38071568    -6.90588409     3.23567342 
H  1.0     8.16351096     1.98154639     1.94828760     2.39278820    -1.00273079    -0.50184516 
O  16.0     2.67447219     9.53201614     5.21031584     0.36435432     3.07895431     0.82814765 
H  1.0     2.81312191    10.61598273     5.57795112    -1.68353872    -5.17846176    -1.84764718 
H  1.0     1.86722295     9.22567545     4.70505215     1.31214266     2.05800982     0.76145834 
O  16.0     4.93618617     6.72780027     6.83771038    -2.69458960    -0.28814369     0.82860530 
H  1.0     4.02626596     6.65218085     7.26798437     1.43387932     0.05560168    -0.08742938 
H  1.0     4.60442381     6.78955525     5.94525302     0.59251105     0.22858662    -0.58436579 
O  16.0     1.15476521     1.13249214    12.75073650     4.28740947     4.56815866     1.04688694 
H  1.0     1.43357281     1.88076988    12.05190508    -1.51998561    -2.75339076     2.07166752 
H  1.0     2.02854262     1.72763658    13.67108151    -2.57347515    -3.11378250    -1.90683401 
O  16.0     6.86887892     6.18576406     3.89512526     2.39666543    -1.00714281    -2.73486339 
H  1.0     6.10130738     6.51554729     4.21802919    -4.41507509     1.02027601     0.35508960 
H  1.0     7.37614819     6.40315006     4.63934950     2.18913615    -0.13161844     1.52417137 
O  16.0     7.85812279     3.26573776    10.57856990    -1.09505401    -2.27421400    -0.37953463 
H  1.0     8.18854104     3.75016246     9.86100561     0.85756108     2.04535484    -0.24321415 
H  1.0     7.73535368     3.65090469    11.42461842     0.22536452     1.18104204     0.80642181 
O  16.0     7.49362553     1.00807729     9.25313975   -11.99343159     5.25004131    -8.25396565 
H  1.0     7.27041858     2.13946874     9.31272510     0.91879965    -5.19239714     0.01316046 
H  1.0     8.15017569     0.99592209     9.73088093    10.92395492    -0.49595476     8.02647431 
O  16.0     4.23620114     5.97933203    11.76292141    -9.09785360     3.41241115     1.35835569 
H  1.0     5.03921168     6.21365170    11.69915556     9.31084390     4.32475733    -0.34875851 
H  1.0     4.42088398     5.14372418    11.65343465     0.06050992    -7.99855212    -0.51381006 
O  16.0     6.43818159    13.09560129     3.08548942    -3.90838751     0.19212322    -1.37888853 
H  1.0     6.32768939    13.27880244     4.02904414    -0.07305537    -0.08734659    -0.32763226 
H  1.0     5.44491597    13.19863209     2.66455012     3.90434574    -0.07118772     1.77041120 
O  16.0     0.93102909     3.76437086     8.52769071     1.56163751     0.64389201     3.49799294 
H  1.0     0.82575987     3.18440852     7.80250627     0.61970306    -1.06304890    -0.82844589 
H  1.0     1.83952052     3.72008402     9.02194222    -2.51414434    -0.34999367    -2.77847960 
O  16.0     4.42962070     2.95297287    12.12572530     1.63797874    -1.25831916    -3.11246095 
H  1.0     4.37616851     2.87028893    11.11504975    -0.51089237     0.27947136     2.20700019 
H  1.0     5.17191345     2.29005141    12.19769340    -1.26185185     1.01350372     0.66362266 
O  16.0     0.42301103     5.69976771     1.54109632    -0.26542490     3.60850930    -2.08257415 
H  1.0     0.97154819     5.17005074     2.02170036     1.82943348    -2.97239745     2.25297668 
H  1.0    -0.46371058     5.48179962     1.70485550    -1.38350110    -0.72529832     0.19993886 
O  16.0    11.09155429     6.68361398    13.08845740     0.76961902     2.14750483     2.07412550 
H  1.0    10.83088159     6.60010981    14.03621378    -0.05458352     0.16916737    -1.18834397 
H  1.0    11.63565429     7.54056355    13.13603043    -1.00621721    -1.95985533    -0.68676775 
O  16.0    11.50214288     2.63185226     3.55300690     4.37534124     9.57767314     0.37776726 
H  1.0    10.97153690     1.99238394     3.39245454    -5.79408704    -7.15867509    -1.75655809 
H  1.0    11.04302874     3.44246178     3.10966753     1.24596757    -2.39671171     1.38170647 
O  16.0    11.68693156     0.81078944     8.63029817    -1.72548886    -7.47471527    -2.26788394 
H  1.0    11.51352019     1.41398796     9.21408647    -3.44239023     4.57210274     6.85158236 
H  1.0    12.24018633     1.37970257     8.26183208     4.28697752     3.10764270    -4.70363530 
abprop:  -29989.0406488800 
point=         0
 12.88718485   0.00000000   0.00000000 
 -0.00000053  12.88718485   0.00000000 
 -0.00000053  -0.00000053  12.88718485 
 pbc  1      1      1
O  16.0    10.76420526     1.43808669   -17.54926251    -2.79021412    -1.48283315     0.72259352 
H  1.0    10.44267719     1.52560202   -16.63971273     1.65212496     1.57462158     0.96555776 
H  1.0     9.95699835     0.81216530   -17.57196421     1.14365818    -0.09235356    -1.99637016 
O  16.0    25.38859951    23.61612045     6.08686084    -1.20920077     1.63634866    -1.52293210 
H  1.0    25.80453280    22.97904401     5.51709574     0.87176901    -0.80834500     0.23569162 
H  1.0    25.03299243    24.22213419     5.36342268     0.45500169    -0.39728862     1.23537462 
O  16.0     5.05676978     0.68121511     7.28200756     1.30984923     0.01098119    -0.66453798 
H  1.0     5.51042811    -0.17157248     7.26793145    -0.40590131     0.03869718     0.25235854 
H  1.0     4.31981114     0.69845571     7.88251786    -0.58460234    -0.42311948     0.60057918 
O  16.0    -2.48368264    -5.68606202    -0.42962680     1.06465842     0.89403477    -0.72917555 
H  1.0    -1.88560127    -4.99316797    -0.80800068    -0.97772937    -1.10599664     0.57020415 
H  1.0    -3.26226636    -5.19181051    -0.14316519    -0.29678929    -0.01202917     0.20823787 
O  16.0     3.98683696    15.25014630    11.40646764    -0.54646257    -1.34776274    -1.66451254 
H  1.0     4.27789501    15.55357651    12.26098300     0.75064941     0.92053772     0.68544620 
H  1.0     4.68971659    14.82839206    10.87787253    -0.00879729     0.81845458     0.46694190 
O  16.0    -0.75952805     7.37731238     4.50435640     0.93462737    -0.26799086    -0.46963951 
H  1.0    -0.45201470     6.87713408     3.68411585    -0.49669421     1.64105379     1.59644512 
H  1.0    -0.02948734     7.97353634     4.84044213    -0.43545719    -1.10526130    -0.94622305 
O  16.0    20.31193796    12.35940996     6.01716820     1.49334383     0.81286500    -4.39283504 
H  1.0    20.77375091    12.88250163     5.12600732    -1.22096101    -1.78368324     3.24594241 
H  1.0    20.03290282    11.56966589     5.48994895     0.05245876     0.53178670     0.97131703 
O  16.0     0.34703071   -12.85434940     8.14879983     1.35674104     0.78849607     1.10943677 
H  1.0     0.14330860   -13.58667774     7.61517753    -0.34037362    -1.53543281    -1.27546842 
H  1.0    -0.40857984   -12.29061692     8.13837504    -1.25177827     0.75610530    -0.09716410 
O  16.0    16.40227091   -18.79886157     9.38125355     2.44143864    -5.73160920    -0.20701506 
H  1.0    17.26816358   -19.09805837     9.84036769    -1.95286707    -0.52515840    -0.98567408 
H  1.0    16.48715094   -17.97720812     9.68732965    -0.47012339     6.20237845     1.36951429 
O  16.0     4.46231856   -15.21590853   -13.19662122    -1.23504552     1.01923728     0.63874466 
H  1.0     5.09121392   -15.81805928   -13.54296770     1.56184834    -1.11712438    -1.41951713 
H  1.0     4.28649414   -15.70687914   -12.40153247    -0.64591290    -0.01377238     0.93202027 
O  16.0    -7.37477233     1.77207688     2.52740326     2.65311769    -0.66138066    -1.44716165 
H  1.0    -8.11948341     1.21254607     2.25045308    -0.19441870     0.08759959     0.04537280 
H  1.0    -6.50237078     1.43079463     2.01688484    -2.57200448     0.96626224     1.57971237 
O  16.0    -4.86478958    13.97922139    27.18007603     1.97310166     3.08909475    -3.22900398 
H  1.0    -4.53722359    13.75807824    26.25465093    -1.15357750    -0.98777725     1.23672702 
H  1.0    -4.49431261    14.94967948    26.96443632    -1.29089505    -1.66030107     2.01140083 
O  16.0     7.87833736   -15.90584977    -9.59107231     0.89448215    -2.58396011     1.33981289 
H  1.0     8.59182699   -16.74216143    -9.27208429    -2.58922574     2.56465112    -0.91928302 
H  1.0     6.98344578   -16.05063266    -9.15704117     1.99667355     0.21850738    -0.49986181 
O  16.0    14.51220868     8.77619233    18.04647742    -2.31503800     1.20552924    -1.15394259 
H  1.0    14.94486396     9.26271785    17.34113712     0.24640746    -0.19234382     0.33297090 
H  1.0    15.09213398     8.25050769    18.54734364     1.77038035    -1.05170519     1.00738449 
O  16.0    -0.80176697     1.45860818     0.34196860    -2.19873666     6.93437193    -7.48520538 
H  1.0    -0.01309661     2.00209434     0.13061681    -0.85701601    -0.30697806    -0.32777264 
H  1.0    -0.48660490     0.98547613     0.95387896     3.14101564    -6.53585072     7.59699700 
O  16.0   -14.08712063    12.56097356    16.67633179    -2.38304372    -2.24540735    -0.73930056 
H  1.0   -13.88264655    12.08280903    15.72693496    -0.75906207     1.09887468     2.32007222 
H  1.0   -15.07789911    12.28723019    16.95092184     3.06158907     1.26844931    -1.60560854 
O  16.0   -16.71739594     4.54446274    11.52902508    -1.10484992    -1.11075832    -1.14047515 
H  1.0   -17.47480728     4.42700656    10.81971595     1.53657438     0.72263466     1.26818706 
H  1.0   -16.27833761     5.37935091    11.39424365    -0.01729942     0.62307120    -0.12633534 
O  16.0    -8.57452289    33.58428444   -11.19199212     5.45876358     1.87321939     4.01000271 
H  1.0    -8.11831922    33.64984950   -10.13231476    -3.13390910    -0.91101435    -4.72812250 
H  1.0    -9.42422274    33.27810251   -11.38059088    -2.30320578    -0.93841718     0.72983375 
O  16.0    34.57405749    12.25214574    21.16592414    -0.05727393    -0.59899024    -0.66996815 
H  1.0    34.10494190    12.03380722    20.23705939     1.32996556     0.57375227     1.84293692 
H  1.0    35.32358409    11.65322297    21.40886940    -0.93126951     0.24507769    -1.05158178 
O  16.0    28.80914807   -12.29802540     2.11779365    -4.56297531     0.67073948    -2.99774340 
H  1.0    28.00982589   -11.85092358     2.58931171     2.07621324    -0.93752244    -0.30841377 
H  1.0    28.30023835   -12.42666838     1.09761407     2.82454351     0.04037457     3.48660809 
O  16.0    18.63688043     9.97075696    -7.60967409    -0.33882428    -1.66919710    -3.49669710 
H  1.0    18.39848610     9.00638441    -7.84415251     0.48135860     1.59615716     1.22794927 
H  1.0    18.52220773    10.19354056    -6.70668610    -0.56203832    -0.34709758     2.02880721 
O  16.0    -5.30695947     4.42783737    32.26594526     1.94846533    -0.70213781    -0.30614040 
H  1.0    -5.89783874     3.92282769    31.67776480     0.29964733     0.27213239     0.37716099 
H  1.0    -4.33950711     4.11764957    32.04771258    -2.20399199     0.03852903     0.26335979 
O  16.0     2.91198809     0.02041724    -0.62925520     1.76863714    -0.36661226     0.00979334 
H  1.0     3.53632195    -0.78410304    -0.53276503    -1.20770953     1.65834189    -0.20645456 
H  1.0     3.48173732     0.82682351    -0.85548904    -1.03022104    -1.32938449     0.23522059 
O  16.0    23.47938106     2.36603067    10.94878228    -0.84682415     2.09559422    -0.23346504 
H  1.0    23.07154419     3.30800315    11.04943178     0.18216996    -1.78681485     0.08982668 
H  1.0    23.96050898     2.23792216    11.76990655     0.09929297    -0.56137498     0.17565889 
O  16.0    -0.82756965    32.28155599    14.70197163     2.86290954     0.00538338     1.18192135 
H  1.0    -1.61105884    32.20445487    14.21565777    -1.56827096     0.13766980    -1.56707796 
H  1.0    -0.05182232    32.59996192    14.14316049    -1.15324840    -0.20733696     0.65842903 
O  16.0     5.55202143    20.11069187     4.71828158     6.66286328     2.10089584    -1.89234841 
H  1.0     4.95207736    19.76333995     5.24138912    -5.96455128    -2.47213249     3.57296635 
H  1.0     6.32430265    19.94373646     5.39247451    -0.48543123     0.72722151    -2.19620155 
O  16.0    -9.64277293     9.87016037     9.85910057    -1.44250795     1.71826406     1.72664586 
H  1.0   -10.48379426    10.45543036     9.82105273     2.04777168    -1.23779660    -0.06545775 
H  1.0    -9.35886935    10.05441988    10.80336438    -0.31333332    -0.31919029    -1.45607824 
O  16.0    17.44977720    16.84693852    26.34820946    -0.50326184     0.55077688     1.22949707 
H  1.0    17.91788736    16.41121401    27.09609561    -0.64425196     0.42112225    -0.45060408 
H  1.0    16.61071382    17.29319366    26.69915979     1.42996096    -1.09544996    -0.53189469 
O  16.0     7.14849615    17.48629042     9.60954060     0.48010699    -2.19151185    -2.04389960 
H  1.0     7.64089555    17.76712477     8.77857363    -1.26852130    -0.62999262     1.39930825 
H  1.0     6.80548349    16.45921038     9.41734343     0.83857090     2.68130728     0.95559216 
O  16.0    -0.68883526   -14.22581797    14.26518876    -5.50607190     3.25122346    -0.39933419 
H  1.0    -1.59022514   -14.49104159    13.85978610     2.91929386     0.15898939     0.71074587 
H  1.0     0.00466152   -14.80367948    14.27254432     2.40968550    -3.34427688    -0.27804336 
O  16.0     1.63258577     7.24194885     0.64970790     0.03056889    -1.82623502     2.73446744 
H  1.0     1.68404296     6.21814970     0.62741367     0.33603977     1.35623196     0.01758944 
H  1.0     1.40962225     7.48044902    -0.21419612    -0.29138791     0.53716031    -2.38414929 
O  16.0     2.80907900     1.03041915     8.64310426     1.00006198    -0.56629607    -4.25877765 
H  1.0     2.03598814     0.75655936     8.10567189     0.07383338    -0.22600524     0.85567903 
H  1.0     2.51722190     1.20852432     9.47131951    -1.29101846     0.65661897     3.62800856 
O  16.0   -19.41344798    27.82948230   -16.15186426     1.02202950    -0.27646368     0.00387208 
H  1.0   -19.44562196    27.63564469   -17.07972358    -0.82242951    -0.37980666    -1.14149845 
H  1.0   -18.64460642    27.26717860   -15.87727420    -0.78030453     0.77896756     0.63030629 
O  16.0     0.92053550    27.33919962    -8.98484690     2.11561284     4.44358864    -1.51134156 
H  1.0     1.32399608    27.93754029    -8.29575234    -0.72682556    -2.33431100    -0.35122009 
H  1.0     0.50665913    26.55173102    -8.78905133    -1.41286825    -2.25307438     1.76664196 
O  16.0   -17.52973587    19.01402502     2.70546610     3.16854702    -2.47693531    -2.43045489 
H  1.0   -18.40869922    19.26220914     2.68512982    -2.68698942     0.64801606    -0.12823076 
H  1.0   -17.33399322    18.39927986     1.89280337    -0.72179648     1.25240047     2.47749067 
O  16.0    12.04947087    18.13913635     6.95190682     2.33277348     1.31960915    -3.13260812 
H  1.0    13.05988183    18.07648176     6.39542407    -2.88036219    -0.35469982     1.91567347 
H  1.0    11.64740203    18.88204823     6.41510946     0.80367073    -0.79633280     1.05198287 
O  16.0    -7.68529351   -10.43637998     5.33241289     0.52443335    -1.68592470    -3.03405254 
H  1.0    -7.54379153   -10.62397330     4.21470596    -0.46125102     0.16093983     4.14833842 
H  1.0    -7.59570381   -11.31714253     5.86439474    -0.12630140     1.82850274    -1.26480348 
O  16.0   -24.53196745     2.94190248    11.39630744    -3.33240866     2.50069232    -1.04405873 
H  1.0   -25.16078872     3.54516450    10.76785659     2.78797212    -2.19657693     1.87994026 
H  1.0   -23.68433139     2.73507357    11.01762823     0.72993145     0.26541153    -0.52317865 
O  16.0   -11.33105989    -8.00676867    18.45389095    -1.97840328     2.38175302    -1.28334629 
H  1.0   -10.77066123    -8.74851636    18.57718924     0.55076146    -1.96936842     0.46850514 
H  1.0   -11.74339477    -8.05238374    17.53370470     0.98752014     0.07167777     0.94725150 
O  16.0     9.50476351     7.84505211    16.86641224     2.11803482     4.79952722     2.68070050 
H  1.0    10.47268154     8.03264543    17.05067175    -0.88244423    -0.33750067    -0.10996974 
H  1.0     9.49767253     7.05678974    16.43317486    -0.80135159    -3.70205637    -2.38883899 
O  16.0   -11.96242122    -1.17955187    23.51435967     1.00746162    -1.72438843     1.19203608 
H  1.0   -11.55871193    -0.42189870    23.89377973     1.44664743     0.43425545     1.57870450 
H  1.0   -12.45762525    -0.72519503    22.90093745    -2.15726474     0.90088420    -2.88879027 
O  16.0    23.55833430     2.78636142    16.33945758     0.49045054    -0.20964375     0.18365606 
H  1.0    23.56071560     2.69546465    17.30991566    -0.59430568     0.55744633    -0.19031985 
H  1.0    24.04295479     2.01131790    16.06179830     0.15809054    -0.45209995    -0.26324203 
O  16.0    -4.60161917   -16.55896028    -4.92835434     0.68733339    -0.74384627    -1.73118129 
H  1.0    -3.62423945   -16.47005851    -5.02345807    -0.88466567     0.21199117     0.60344853 
H  1.0    -4.80577044   -17.18344231    -5.69373509     0.00882352     0.60323770     1.32644314 
O  16.0    28.30351925   -10.42807190    -6.84448385     3.40703754     0.34093721     0.61469454 
H  1.0    29.32303205   -10.28471780    -7.05477887    -1.60498119    -0.27228820    -1.00145552 
H  1.0    28.55403174   -10.78352023    -5.97382859    -1.17902629     0.08559413     0.01800442 
O  16.0     8.81947902    -0.29372510     3.52659038    -1.08446621    -1.91298923     0.60835420 
H  1.0     8.48572696     0.22009009     2.77219535     0.29563538     0.13219900    -0.14638224 
H  1.0     8.41354719    -1.21931425     3.41977067     0.76535099     1.28332572     0.03894246 
O  16.0   -19.58040339    -4.08203594    24.44264233     1.65714376    -0.17421959     0.83305846 
H  1.0   -19.55727835    -5.07911164    24.48873367    -0.45679838     0.70994883    -0.13437158 
H  1.0   -18.81553065    -3.84004321    25.04950276    -1.25791806    -0.79552033    -0.38277628 
O  16.0     3.43350281    -5.89207071    -6.43511236    -0.38254231    -2.94930379     1.38107397 
H  1.0     3.81884437    -5.91519575    -5.45571118    -1.80527024    -0.36451115    -2.76994868 
H  1.0     2.92824971    -6.80992858    -6.70314062     1.64429338     3.25220048     1.45181020 
O  16.0    11.11499684    10.04441843     8.37549935    -1.32733789     0.80640639    -2.02639037 
H  1.0    11.51002762    10.24397115     7.47415181     0.28756108    -0.43389653     1.69324207 
H  1.0    11.69973765     9.85063373     9.09549786     0.64448336    -0.18985499     0.16283268 
O  16.0     5.72543281    10.51120564    -5.05298087     1.97365702    -0.45468288     2.13117831 
H  1.0     6.80326094    10.37621254    -4.97362016    -3.84376537    -0.23029692     0.51250342 
H  1.0     5.17726872    10.22492077    -4.22315163     1.96502839     0.68210376    -2.23883046 
O  16.0    13.34569044    30.24914509    15.89473705    -0.44024355     5.43516084    -1.73199890 
H  1.0    12.57938892    30.98216136    15.60432460     2.40131913    -2.34513021     0.33677973 
H  1.0    12.92679376    29.55491751    16.28257103    -2.23648047    -3.37084153     1.33644988 
O  16.0    -3.74991374     3.78991954     1.46829742    -1.13798118    -0.66016196     2.14697518 
H  1.0    -3.20043201     3.36047107     2.19521227    -0.01823016     0.75447522    -1.18954211 
H  1.0    -3.42521061     3.87640826     0.59787499     1.08769037    -0.08522389    -1.21884756 
O  16.0     7.70254469   -14.77425723    10.68546370     0.90879806     1.43337538    -0.08484542 
H  1.0     7.10997205   -15.52420717    10.79108747    -0.13631174    -0.20868268    -1.24717599 
H  1.0     7.98798288   -14.44643195     9.79120713    -1.08837428    -1.07929314     0.64450393 
O  16.0    -2.95471386    11.03064599    24.96388188    -1.73859121     0.57551605     1.16645873 
H  1.0    -2.30167214    10.49051481    24.60626393     2.25163456    -1.24549963    -0.98528842 
H  1.0    -3.71752810    10.86908819    24.37310845    -0.37084636     0.51835011     0.05524070 
O  16.0    21.15163636    21.76881574     0.54971458     2.20500501     1.47584489    -5.90397605 
H  1.0    21.79807924    22.49082512     0.13106661    -1.87341993    -1.67311546     1.97728228 
H  1.0    21.13438518    21.81443081     1.45356512    -0.08121142     0.81961672     3.67203615 
O  16.0    12.20081555     9.44438439   -14.83934603     1.40936127     4.79994888    -1.50214729 
H  1.0    12.62532151     8.66310716   -14.83193755     1.38510032    -5.65391042     0.40828061 
H  1.0    13.10168683     9.85216835   -15.15267185    -2.67177876     0.73469314     1.23973007 
O  16.0   -11.74963906    22.61311797     2.23114870    -5.16308655    -0.70304798    -1.22543473 
H  1.0   -11.25284750    21.92846850     1.89621657     0.41463741    -3.59181255    -2.19067881 
H  1.0   -11.02159706    22.96565583     2.56033925     4.81593087     4.33617818     3.26220208 
O  16.0     3.29093189   -14.97439205    16.53001429     1.49948362     2.13984808    -0.04597186 
H  1.0     3.93732185   -15.16150911    17.22995698    -0.05917192    -0.38660054    -0.08735071 
H  1.0     3.61427504   -14.05092491    16.26987078    -1.28044094    -1.73495053     0.01206362 
O  16.0     1.90445585    17.54645787     0.79697263     2.16280290    -0.12971840    -6.56269305 
H  1.0     1.73450530    16.98817592    -0.11822136     0.14141024     1.33249038     3.28253952 
H  1.0     1.44133584    17.25668043     1.51834700    -2.37124235    -1.66967532     2.96494125 
O  16.0    -4.88395638    -5.71289131     6.03542481     0.65104482    -0.95644062     0.95389523 
H  1.0    -4.59762917    -6.62074772     6.41928996    -0.85123102     2.23264953    -1.57222017 
H  1.0    -4.25958019    -5.32542775     5.35193953    -0.47761970    -1.30780778     0.67097602 
O  16.0    -2.80539064     3.41817784     6.05071804     2.32602690     1.18564431     2.75870781 
H  1.0    -2.17557451     4.30438033     6.30070135    -1.47529467    -3.71393487    -0.41576612 
H  1.0    -2.63094208     2.70962014     6.80241426    -0.20380786     2.22767701    -1.79316548 
O  16.0    13.89185424    -5.85529289    -1.93313726     2.31190125     1.86617970    -0.83294533 
H  1.0    14.66265376    -6.05008302    -2.53010207    -0.81239192     0.32631174     0.70546482 
H  1.0    13.34113952    -6.58894417    -1.97978423    -1.66743332    -2.12235428    -0.36019067 
O  16.0    12.08344405     5.00516971    22.71038074     0.11075702    -0.75545738    -0.48704280 
H  1.0    11.64909539     4.13483724    22.71339705     0.13375400     0.56379696    -0.10401712 
H  1.0    12.20578982     5.21743327    21.75463379    -0.20479002    -0.17784845     0.56075277 
O  16.0     8.04677446    13.91624931    24.26314542     1.78662459     6.56526415     0.25993096 
H  1.0     8.94044893    14.18829931    23.96040314    -0.41206065    -1.14827074     0.39774011 
H  1.0     7.75498615    13.08739904    24.25330273    -0.75507171    -5.80149182    -0.48194944 
O  16.0    -7.08721743     6.05511021    11.52368039     0.17155181    -0.92563365     0.57038927 
H  1.0    -6.44241500     5.52873764    10.92015379    -1.80739397     0.50881183     1.76951131 
H  1.0    -7.43636856     5.61033676    12.38618633     1.37291843     0.46213034    -2.63700714 
abprop:  -30027.5066825100 
point=         0
 13.05970191   0.00000000   0.00000000 
 -0.00000053  13.05970191   0.00000000 
 -0.00000053  -0.00000053  13.05970191 
 pbc  1      1      1
O  16.0     1.96825346     2.83084406     8.91695347    -4.04186898    -0.46443713    -0.46790247 
H  1.0     1.25177927     2.85405906     8.13324202     2.25261158    -0.11768923     2.49189400 
H  1.0     1.35645581     2.55471939     9.73024592     2.18492468     0.57644679    -2.32250963 
O  16.0     1.06593223     3.36910724     2.92403746    -0.46561161     0.30214438    -0.75782794 
H  1.0     0.46560345     3.97879347     3.38671297     0.42560163    -0.54289902     0.09292486 
H  1.0     0.42326398     2.94773401     2.31730933     0.47446701     0.34210552     0.14074689 
O  16.0     0.65507905     9.66372834    10.76473444    -3.46503138    -3.58015002    -0.25088684 
H  1.0    -0.04035664     9.07829960    10.23105923     2.35122887     1.91333376     2.18131485 
H  1.0     0.90628476    10.27466343    10.13252643     1.10673197     1.89167478    -2.01198704 
O  16.0     8.05672300     7.48039610     9.07999296     2.01103059    -0.05614367    -0.61789814 
H  1.0     8.81249389     6.96889341     8.60876066    -1.33121511     1.76443595     0.57661648 
H  1.0     8.28336959     8.48583279     8.93081791    -0.86456477    -2.25478674     0.21683822 
O  16.0     6.33382784    12.45011093    12.08132734    -0.01697598     0.73125814     0.17036345 
H  1.0     5.92382134    13.15629792    11.56956006    -0.50955334    -0.41580366     0.47000923 
H  1.0     6.91803948    13.02506197    12.58219356     0.74257100    -0.88221798     0.37911503 
O  16.0     0.78384374    12.03248428     4.60559858    -0.74079694     0.35569638     1.50008012 
H  1.0     1.32074694    11.45017768     4.10484348     1.02785562    -0.72495379    -0.69157057 
H  1.0     1.30826894    12.77693078     4.91628381     0.08191282     0.15020650    -0.22341305 
O  16.0     9.17699115    11.94056620     1.14363132    -3.88131892    -0.79384397    -5.48185210 
H  1.0     9.20805385     9.58255256     0.63113907    -2.39532845     1.71707621     2.42213993 
H  1.0     9.71622272    11.85161151     1.81999917     4.22519902    -0.35969496     4.81236732 
O  16.0     4.26408349     2.40630106     5.85174740     0.90221089    -2.82561824     0.24909684 
H  1.0     4.77384518     1.60984703     5.41813960    -0.71000539     1.11513948    -0.14610765 
H  1.0     4.31500092     2.18476631     6.80437222     0.03213778     0.41466466    -0.23426722 
O  16.0    10.52041333     9.38310567     6.27985177     2.12829867    -0.32156754    -0.90088420 
H  1.0    11.31216826     9.17524486     6.84670639    -1.37662596     0.61978019    -1.12677630 
H  1.0    10.87221033     9.57694328     5.33304791    -1.42296755    -0.17131836     2.46425977 
O  16.0     6.85363861    11.92484964     2.54261711    -1.92360275     0.05604751     1.30214106 
H  1.0     7.77927539    11.72974200     2.38478472     0.67168565    -0.19249192    -0.91115319 
H  1.0     6.33065278    11.09425309     2.56761015     0.99328455     0.23841647    -0.42032675 
O  16.0     9.56487804     4.09138121     9.85756595    -0.59270646    -2.87627928    -0.84455644 
H  1.0    10.12633506     3.65798508     9.13830829    -0.80203551     1.15148462     1.65320483 
H  1.0     8.94632280     3.34758560    10.12188997     1.16691125     1.42242762    -0.44685232 
O  16.0    11.43911788    12.54218777     3.57856616     2.96785174    -2.13063838    -0.55625334 
H  1.0    12.26521642    12.18975575     4.11696164    -2.18495039     1.33631618    -1.38843762 
H  1.0    11.80266262    12.38025954     2.63832939    -0.80873066     1.06515207     1.82578251 
O  16.0     9.49767253     1.26496637     3.80262508     2.45488552     0.03955747     1.78160579 
H  1.0     9.07157905     0.97361198     4.64711253     0.37247232     0.16294015    -1.08254302 
H  1.0    10.51760869     1.06382611     3.99066821    -3.36512340     0.14059108    -0.96135658 
O  16.0     4.97140291     2.55743936     8.53716298     0.46050951    -1.87344565    -0.43390938 
H  1.0     5.21415237     3.41074819     8.29628152     1.38261664     2.62671758    -0.55817652 
H  1.0     4.06570024     2.66543914     8.71099770    -2.77289002    -0.25710892     1.03678250 
O  16.0     0.69971515     6.09596269     9.95583416    -1.86754239    -0.69374058     1.94729291 
H  1.0     0.80473036     5.34521898    10.59031763     0.19138737     0.29171496    -0.67883846 
H  1.0     1.37111931     6.15533637     9.33981897     2.32777525    -0.02707322    -1.60199356 
O  16.0     5.58710588     6.35811708     1.87368949     1.34505280    -3.19371299    -1.88777698 
H  1.0     5.71204462     5.45952126     1.31855614    -0.70341308     2.41668919     1.18209105 
H  1.0     4.74600517     6.44982349     2.29887809    -0.73592213    -0.04638633     0.64748641 
O  16.0    10.41203783     0.08862872    11.82848647    -0.75068541    -0.43364816     0.43092330 
H  1.0     9.78231695     0.32058561    11.09933319     0.71553841    -0.57598914     0.46319786 
H  1.0     9.86375733    -0.44310601    12.48249658     0.71311643     0.63835899    -0.15942185 
O  16.0     2.11753435     8.36158199    12.79280609    -2.16907639    -1.93908595     0.08913865 
H  1.0     1.31700036     7.97226631    12.32363758     1.86317665     1.19359931     0.81902023 
H  1.0     2.64314490     8.82572332    12.15631175     0.24024607     0.54965074    -0.39917376 
O  16.0    12.34395798     6.50845632     0.62569384    -3.01224958    -1.32239108     1.58235547 
H  1.0    12.63706924     6.60974084     1.56739114    -0.28383966    -0.09943130    -1.63714056 
H  1.0    11.31036906     6.21074122     0.67526716     3.14479002     0.99629274     0.49709428 
O  16.0     0.04679832     0.32849522     1.51082210     0.79908388    -1.22912169    -3.53861125 
H  1.0     0.45888342    -0.13838672     0.53365934    -1.83049277     1.47649795     3.30245529 
H  1.0     0.74353102     0.41257248     2.14943844     0.78822353    -0.17317161     0.11129335 
O  16.0     2.96293198    10.57184935     3.18828739    -0.82938692     0.03281347     2.03005677 
H  1.0     2.79789749    11.46398921     2.89570531     0.10616039     1.59831174     0.26558636 
H  1.0     3.06910081    10.19459892     2.36038435     0.76233251    -1.84516864    -2.35997577 
O  16.0    10.59597983     9.87084830     3.55801292     0.79678531    -1.89450299     0.66163263 
H  1.0    10.56624007    10.83410957     3.55284286     0.44277044     0.45948313     0.11221946 
H  1.0    11.51860029     9.56482512     3.81411352    -1.43048546     1.36118391    -1.46971023 
O  16.0    12.00173908     7.35651571    11.26348396     0.44847315    -0.77832992     0.97881438 
H  1.0    12.78682639     6.98715002    10.75034082    -1.22495136     0.53620386     0.55869074 
H  1.0    12.14699823     7.06980750    12.23410080     0.12279287     0.74932272    -1.87093110 
O  16.0    13.24773974    12.38200583    12.18139475    -1.84059207     4.26779708    -0.54617975 
H  1.0    12.27685831    12.63548171    11.93966660     1.49245422    -0.71321413     0.57666276 
H  1.0    13.35103513    11.48483879    12.24172095     0.09976863    -3.69771120    -0.10700475 
O  16.0     8.04344065     0.10721818     6.32393223    -5.04025460    -3.37614829    -0.13063217 
H  1.0     8.86932752     0.16432434     6.72949364     2.47524353     0.00908114     1.21315513 
H  1.0     7.48367700    -0.91736044     6.74002427     1.89062577     3.89906469    -1.43674867 
O  16.0     4.36139388     7.92802710     5.68034691     0.04513111    -1.61877774     2.92221463 
H  1.0     6.02108411     3.52850071     4.41282991    -1.48166073     1.91137972     1.47232248 
H  1.0     4.40789798     7.52616993     6.64217940    -0.45203207     1.95604495    -3.54718331 
O  16.0     4.53288434     1.43108038    11.98655170     1.60876071     4.97558618    -0.72218214 
H  1.0     4.58701388     1.35073541    12.94161072    -0.41373649    -0.07085347     0.28841623 
H  1.0     4.95284466     2.99830748    11.99692357    -1.00777016    -4.48263344     0.55477238 
O  16.0     5.04214332     4.63671949     5.35913634    -1.10771928    -2.37986069    -4.17265593 
H  1.0     4.68291137     3.47729752     5.61774524     0.54333611     1.78128697     0.12305204 
H  1.0     4.03584936     4.78166642     4.28682752     2.34614322    -0.74441705     1.39842893 
O  16.0    12.56668867     2.49068895     7.11028956     1.06347571    -1.91439820     1.62853765 
H  1.0    11.98305913     3.19725165     7.15971471    -1.62378625     2.63366985     1.17424404 
H  1.0    12.55107794     2.43620486     6.19243169     0.78461370    -0.56314904    -2.93099753 
O  16.0    11.82330053     3.93523689     4.68030253     2.83875658     4.15032331     0.31720694 
H  1.0    12.01216388     4.98949548     4.61689651    -1.17030510    -4.09784192     0.57489899 
H  1.0    10.94174422     3.83240718     4.37299874    -1.62289664     0.14902996    -0.67060064 
O  16.0     1.80571139    10.28778702     8.10778860     0.33491466    -0.06445348    -2.40760291 
H  1.0     2.00408934    10.91898960     7.37371397     0.03461684    -0.21083418     1.33645502 
H  1.0     1.96240076     9.47184869     7.58792491     0.06389092     0.22533418     0.98112837 
O  16.0     8.42931667     5.69045419    11.97332227    -0.58589303     1.73624636    -2.44185516 
H  1.0     8.03365087     6.50745088    11.43139189     1.48947174    -2.55577052     1.55110112 
H  1.0     9.09274613     5.29163979    11.34132593    -0.97154329     0.72764831     0.71897340 
O  16.0     4.10703957    10.18121073    12.76412469    -0.63352017    -2.97405325     0.87934862 
H  1.0     4.32271103    11.02667716    12.52176153     0.95499052     3.09838158    -0.90320847 
H  1.0     4.91112433     9.82422779    13.16307139     0.22020585    -0.11159314     0.35892260 
O  16.0     9.70304621     5.98626425     1.38435404    -3.15357805     1.73990761    -0.77683354 
H  1.0     9.22879760     6.91243020     1.64476743     1.71808408    -2.94559112    -1.14413640 
H  1.0     9.04951236     5.71712472     0.62171972     1.74056068     0.59904680     1.30054698 
O  16.0     3.68232723     4.42394263     2.91780904     2.24715570    -1.07663462    -0.27910420 
H  1.0     4.57913972     3.95148793     2.62533809    -2.28639590     0.86418425     0.69434736 
H  1.0     2.89712350     3.88907677     2.59007901     0.33899140     0.57508411     0.89380337 
O  16.0     1.76548863     6.80050922     2.05026534     4.68600781    -2.40985005     1.69925845 
H  1.0     2.75916701     6.31625916     2.33760857    -4.89942492     2.22188174    -1.09150589 
H  1.0     2.04334371     7.63115869     1.64875214     0.04352417     0.10907860    -0.49374721 
O  16.0    10.56195374     0.30046047     7.19056574     5.01283120     1.14184812    -0.10392713 
H  1.0    11.06573044    -0.61163889     7.22268680    -1.11209530     2.60169559    -0.17721133 
H  1.0    11.41980291     1.06182582     7.11542258    -3.45509663    -3.26297341     0.44304297 
O  16.0     5.69717474     4.39876967    12.72914607    -5.33478492    -0.29946684     2.62341629 
H  1.0     4.92788338     4.74090390    12.18128891    -0.09700778     0.72735520     0.91639824 
H  1.0     6.37462740     4.30157040    12.18594567     5.43690919    -0.07335104    -3.81468618 
O  16.0     2.03123613     1.66332568     4.69802467     0.62094747    -0.75948373     2.92869896 
H  1.0     2.62839144     2.25714717     5.21190866    -0.80555278    -0.83871489    -0.92090796 
H  1.0     1.98169985     1.94154059     3.81579631    -0.68133243     1.45449958    -1.56476397 
O  16.0    12.46413413    11.39593702     7.02196988     1.84662388     0.35914372    -5.65961827 
H  1.0    12.96881043    10.89025528     7.58633738     1.43788510    -1.57835997     2.74022157 
H  1.0    13.14878360    11.23702510     6.12718414    -3.20824488     1.39914370     2.94501519 
O  16.0    11.66391235     4.94682792     8.38534204    -5.71957643    -2.96788259    -2.58137873 
H  1.0    12.21007615     5.44671517     8.82651708     6.04934630     3.59267644     3.52271668 
H  1.0    10.88655104     5.43343282     8.73068309    -0.08852776    -0.68957539    -1.29056081 
O  16.0     6.31170823     0.44330127     9.38511654    -0.29833709     2.88680024    -6.47429847 
H  1.0     5.79920011     0.38684812    10.12061994    -2.28140281    -0.05446936     2.78139524 
H  1.0     5.69077170     1.27318978     8.71740074     2.39668600    -2.86405625     3.00249480 
O  16.0     8.47980017    10.04346591     8.48609738     1.69041899    -0.96018929    -1.26331738 
H  1.0     7.82261500    10.58592546     8.05513546    -0.92343793     0.49773911     0.13641870 
H  1.0     8.99410750     9.75458807     7.69540080     0.11159057     0.32512389     0.81744157 
O  16.0     9.91101285     6.73838382     6.95857445    -3.50143822    -0.09322054    -2.64282813 
H  1.0     8.57065990     6.07341974     6.30128344     3.22249908     0.80444720     0.03993131 
H  1.0     9.95414079     7.57252585     6.36325009    -0.33533323    -1.86568605     1.61663858 
O  16.0     6.56899419     5.11827075     8.44238735     2.27093327    -1.70935775    -0.84891703 
H  1.0     7.07906810     4.32541512     8.06730654    -0.77669984     2.25336234     0.91546236 
H  1.0     7.23025403     5.86614102     8.52017640    -0.90533221    -0.80483801    -0.04680696 
O  16.0     6.37875499     8.97272874     1.74853908     1.32358407    -2.45459242    -1.77221097 
H  1.0     5.76692030     7.19945592     1.34477158     0.90254513     2.35252985     0.44539862 
H  1.0     7.30666722     8.66310716     1.44134642    -3.25495671     1.35139828     0.95689828 
O  16.0     8.99331374     8.51541380     1.38724864     3.05209655     1.97457747    -2.13962696 
H  1.0     9.86328107     8.84239240     0.52654032     1.13127574    -2.11789084     0.03812331 
H  1.0     9.41168124     8.59928839     2.29835949    -0.13733401     1.51838639    -1.09371190 
O  16.0    12.06719830     2.90263753     1.10717631    -2.38002010     1.12515136    -2.05645173 
H  1.0    11.26041473     3.12007645     0.50335019     2.43758199    -0.88065474     1.85146784 
H  1.0    12.26463432     1.96560228     0.97240545    -0.15733875    -0.55432501     0.08626930 
O  16.0     0.85722474     4.17112293    11.87341361    -0.40657083     0.32981256     0.77021038 
H  1.0     0.31148535     4.20758853    12.68453644     0.36392854     0.04652362    -0.59618773 
H  1.0     1.46993787     3.44698096    12.00861839    -0.11046648    -0.55329657    -0.16198833 
O  16.0     8.45487593    10.50072793    11.17098378     4.71900537    -1.15421513    -1.97254116 
H  1.0     7.60422357    10.68488160    11.35328533    -4.34777386     1.28076490     0.98495417 
H  1.0     8.58039676    10.54110415    10.19179428    -0.33354991    -0.03877174     1.21040405 
O  16.0     4.87854289     0.64902526     1.71276141     2.30943299     2.58510683     0.33694171 
H  1.0     5.59811277     0.47084971     1.09909577     0.16745913    -0.89594253     0.52807403 
H  1.0     5.29992141     1.26315658     2.40614231    -0.74987294    -1.63353588    -1.49287589 
O  16.0     1.77534191     1.49404718    11.26253144    -0.83501250    -0.55045807     0.74977009 
H  1.0     1.29162102     0.85092753    11.82811604     0.31238098     0.54360864    -0.81122978 
H  1.0     2.46704531     0.96684380    10.86517228     0.27329916     0.16556422     0.13151303 
O  16.0     5.69796851     0.37220896     4.59804722     3.61010853    -0.57111946     1.76933134 
H  1.0     6.30572853    -0.22203217     3.95232403    -1.46870236     1.21441497     0.49978828 
H  1.0     6.39092606     0.44269642     5.39924797    -1.58111620    -0.22854754    -2.40491868 
O  16.0     9.04739565     0.42335182     9.53884252    -1.00895286     3.39595608    -1.33591509 
H  1.0     8.21457656     0.95800125     9.27965152     1.37233736    -2.07222288     0.92842073 
H  1.0     9.71611689     0.99220727     9.07184364    -0.42541137    -1.61788813     0.35389969 
O  16.0    10.65154344     9.33844311    12.38311710     0.30111491     1.04946833    -1.59352435 
H  1.0    10.96497510     8.67744786    11.67666553    -0.16604913     0.27160069     1.29819699 
H  1.0    10.56269458    10.21513099    11.85214069    -0.62799744    -1.92222464     1.91182709 
O  16.0     6.21550382     3.06814299     2.11968810     3.60372704     1.36976111    -3.17380750 
H  1.0     6.30398225     2.94527863     1.01925880    -0.36621683     0.61239083     4.63698713 
H  1.0     7.17410833     3.46267106     2.42077406    -3.39795640    -1.50395220    -1.11537088 
O  16.0     9.36516656     4.24273119     3.42924294     0.31256404    -0.88036678    -2.45412447 
H  1.0     9.67679902     4.97157754     2.72028836    -1.22757903    -2.42067440     1.28885874 
H  1.0     9.28451996     3.28798967     3.05126224     0.86078011     2.20254189     0.82868758 
O  16.0     2.82293286     0.10913804     2.71119180    -2.01017699     0.92728430     3.24263597 
H  1.0     2.87922673     0.56783360     3.65270918     0.26838835    -1.69660507    -2.72715007 
H  1.0     3.68945525     0.09181542     2.29055413     0.37164700     0.17339838    -0.00005142 
O  16.0     4.17994960    11.43372027     5.96477966    -0.72232612     0.77613420     1.62594597 
H  1.0     4.98635746    11.50658797     5.49195982     0.84079748     0.36517553    -0.71201599 
H  1.0     3.68304691    10.81982179     5.47417947    -0.74267385    -1.36315852    -1.05338155 
O  16.0     4.36874945     6.58518702     8.49080706    -2.90622751     0.71894769    -2.16327598 
H  1.0     4.77097175     6.63418883     7.60824531    -0.19500697    -0.49912545     0.62307120 
H  1.0     5.08913955     6.42077166     9.00940072     2.65646526    -0.62704613     2.19981138 
O  16.0     0.17905558     9.36045688     3.54650861    -7.44931276    -4.26096823     4.61019622 
H  1.0     0.95212209     9.47311871     3.21513255     8.13188960     1.59706219    -3.56410632 
H  1.0     0.24371150     8.41651058     3.90769322    -0.06892823     2.15290415    -0.81942646 
O  16.0     6.45807865    11.39297362     7.45600103    -1.36790992    -0.03907513     2.17941738 
H  1.0     5.83962925    10.62042782     7.33857661     0.67239013     1.32167117    -0.05174914 
H  1.0     6.16121024    11.95723528     8.27998286     0.77876701    -0.99578367    -1.87965229 
O  16.0     7.76271214     5.32336396     5.09257920    -4.10594605     1.79119601     3.83154748 
H  1.0     7.99311590     4.56405288     4.52687818     0.27607441     0.23269731     0.46998866 
H  1.0     6.62577491     5.31944805     5.59123347     3.93381574    -0.58093594    -2.72508805 
O  16.0     3.45714116     5.46317258    12.10148899     0.82356080     1.15436940     2.42517898 
H  1.0     2.97361078     5.83470790    12.90779630     0.55858276    -0.71392375    -2.17054192 
H  1.0     2.85991706     5.06952295    11.50283081    -1.39938024    -0.28438422    -0.54700764 
abprop:  -29995.8440428600 
