-29990.817491940674 -29989.04064888
-30027.523969906622 -30027.50668251
-29996.49203453031 -29995.84404286
-30026.935057544808 -30027.99893672
-30020.02324550525 -30018.64855579
-30034.815816770224 -30034.00313191
-30016.28152444824 -30016.18728475
-30024.290501920284 -30024.16022466
-29994.22662005622 -29993.34195472
-30020.137033643296 -30018.47521918
-30026.820269006865 -30026.85333682
-30038.354209520767 -30038.16810864
-29997.06438549063 -29999.38587856
-30029.48959926004 -30027.45089914
-30033.540266266627 -30034.48967172
-30030.087612278683 -30031.08035554
-30023.20286789146 -30022.74849728
-30028.34925327485 -30027.06966744
-30024.239082690532 -30024.08022315
-30015.518012823948 -30015.84795861
-30025.19386052397 -30026.64190425
-30025.88521948062 -30026.62312838
-30017.28900715912 -30015.4063176
-30004.02687973011 -30000.8280827
-30003.6256235497 -30005.92559408
-30021.936967859103 -30021.70303533
-30012.603328213612 -30011.77713332
-30030.959121247837 -30028.08383628
-30025.21670031455 -30025.51399176
-29980.944770008133 -29980.85110624
-30033.844100513183 -30033.46325775
-29983.756315950002 -29990.18706512
-30025.777671502023 -30025.72161474
-30027.470362878994 -30028.32003123
-30017.265900680013 -30016.20687696
-29998.03870855608 -29993.61080335
-30035.142267634867 -30036.26412705
-30016.885166037293 -30014.96331603
-30021.50864761547 -30022.97680092
-30027.27903765081 -30027.3061345
-30024.09967496271 -30022.91339836
-30023.131876676744 -30024.46880193
-30024.419789230633 -30023.17081819
-30004.056234424905 -30002.2264765
-30029.330412799325 -30027.26450106
-30028.62932334138 -30028.70207927
-30025.082064194063 -30024.85384322
-30016.956534432073 -30017.22948134
-30014.263606508986 -30015.00440524
-29989.48690638278 -29987.16768829
-30028.405401852346 -30027.82097417
-30033.41603800584 -30032.41262564
-29986.48225893803 -29985.32901406
-30024.257445325115 -30022.04725953
-30027.821392381724 -30027.93852741
-30014.10585615918 -30013.18260208
-30025.904369790365 -30023.9800852
-30026.57468225128 -30026.04624673
-29991.054037355912 -29988.28117874
-30025.577357003458 -30026.58095072
-30021.858178587896 -30022.0584162
-30025.888092656867 -30026.21005935
-30026.97634919011 -30027.63348763
-30033.423583459466 -30034.74627521
-30026.41480892837 -30026.68707517
-30034.259933201225 -30033.76285525
-30026.12759510001 -30026.62557741
-30024.217121423426 -30024.64349911
-30011.34809025507 -30010.50690521
-30020.205160160935 -30017.66513583
-30025.307699421137 -30025.86801206
-30004.126531246704 -30005.78872074
-30025.951590721106 -30025.83971221
-30010.29055174774 -30010.77629806
-29993.156924558003 -29992.86983695
-30027.869977517963 -30027.33960452
-30012.36841998497 -30010.47506788
-30029.08070421274 -30026.4639417
-30017.98752038373 -30017.1062137
-30028.166323150843 -30027.82396742
-30010.68211855481 -30008.74768827
-30017.860160543627 -30015.84061153
-29994.682367516958 -29993.57080259
-30021.62245972333 -30022.76264721
-30015.25649239833 -30015.38699751
-30028.179832601625 -30026.99837358
-30006.03132599959 -30004.87659465
-30024.41265905532 -30025.46473913
-30023.21448689417 -30025.06064985
-30022.367399350584 -30019.73810021
-30014.71338216497 -30015.29502298
-30017.027492877292 -30016.80960945
-30043.845777704006 -30041.73525093
-30036.557542033326 -30035.28887051
-29996.302293171255 -29997.27182497
-30017.58846385312 -30016.62266714
-30023.179513234547 -30020.77784777
-30022.370339944733 -30024.45846159
-30026.49211838432 -30025.4369835
-29982.192831621313 -29979.48835938
-30033.21512448845 -30033.59278401
-30002.72701448515 -30003.36772257
-30025.22411557905 -30026.20951512
-30021.36977005461 -30022.2859035
-30026.968450631364 -30028.32356871
-30024.861696814995 -30025.88950907
-30026.250989024025 -30025.84787563
-30025.93310294945 -30027.00490431
-30025.45139935136 -30025.81440561
-30023.695798124652 -30024.10335284
-30026.788019999887 -30027.90696219
-30035.002597126433 -30037.16019842
-30015.548981525175 -30014.15622593
-30000.150359872445 -30001.2210153
-30017.0897842999 -30016.31517833
-29993.854735330515 -29992.33730987
-30034.73416405709 -30033.63496168
-30032.731618021942 -30035.72615769
-30014.66543535829 -30013.19239818
-30021.39828362815 -30020.71771057
-30022.78124935845 -30022.48481882
-29990.090378444474 -29987.75300548
-30026.16312639747 -30027.33497858
-30038.44425863075 -30037.55095411
-30028.2563728182 -30028.81310178
-29983.497537727424 -29979.75176572
-30012.956391359996 -30014.21826792
-30018.471073228444 -30019.57374336
-30020.96071375475 -30018.09480382
-30023.87434106013 -30021.50167098
-30003.687303972263 -30001.38265101
-30021.51216096746 -30019.48476208
-30026.36944079662 -30027.93281302
-30029.386943844765 -30029.23596692
-30027.453849453646 -30027.22912624
-30037.870768623514 -30037.93218581
-30027.44786588892 -30027.61471176
-30038.975823856978 -30038.2394025
-30024.563619189757 -30022.50495526
-29986.690740501992 -29985.58289641
-30018.501898421775 -30017.0770975
-30027.211845013968 -30026.74530757
-30032.22665370602 -30032.96120744
-30007.907395111433 -30004.49699563
-30015.891471734074 -30014.22044483
-30034.12002477335 -30033.09835289
-30018.089318907758 -30015.8457817
-29997.253147462347 -30000.67107293
-29990.828719243815 -29990.87252026
-30025.10459926507 -30023.83477633
-29985.082846730293 -29982.19017919
-30025.93035053894 -30026.30883673
-30006.48167119369 -30006.02083397
-29999.527334747298 -30000.9059073
-30022.002834536397 -30019.77891731
-29998.541894946702 -29994.75395422
-30022.708229117416 -30024.55642263
-30018.495860326173 -30018.00691101
-30022.205917388677 -30022.9550318
-30005.667324212365 -30004.57971828
-29993.500845446895 -29996.91726044
-30034.07424483129 -30031.88009856
-30025.61491069779 -30026.79401597
-29996.90754000919 -29995.59152108
-30024.20079396643 -30025.44841229
-30015.07480080686 -30014.49691265
-30025.325161362267 -30025.96951058
-30035.334442020358 -30034.18708096
-30026.86608617277 -30026.36570855
-30023.32120054778 -30024.31913923
-30014.70470044738 -30014.71215481
-30025.282003462657 -30026.35618456
-30023.95907134391 -30022.97435189
-30017.421778584627 -30015.60550504
-29994.996463525633 -29993.12589622
-30028.59018394643 -30028.92358006
-30012.853894560983 -30011.50774047
-30012.58066919429 -30013.52083977
-30029.457828529605 -30028.89691288
-29991.010238026334 -29992.37023567
-30017.333794951275 -30016.24987097
-29979.89333511362 -29979.21053099
-30023.23160875989 -30023.37925751
-30024.122614071883 -30023.33381447
-30011.458430076797 -30008.94361034
-30028.209041816903 -30028.76548183
-30022.818379041146 -30023.67504542
-29986.59214718404 -29984.0440918
-30018.44166270655 -30021.2336387
-30021.00942825673 -30021.36915147
-30024.82580121817 -30025.62066045
-30013.919535781326 -30012.41632908
-30002.880258267738 -30003.99167995
-30025.88390950745 -30026.72408267
-30029.33044752643 -30027.57226198
-30015.62519594471 -30016.28116408
-30017.169394229342 -30015.80768574
-30007.44027080854 -30010.23370277
-30012.29130392773 -30013.44818533
-30014.336250122207 -30012.25687028
-30040.52639087584 -30040.08243056
-30020.755222033913 -30020.69349243
-30017.169080068903 -30016.23980275
-29990.42961133102 -29989.21072013
-30024.351355410137 -30024.05301175
-30028.339594649744 -30028.90806956
-30027.544072606266 -30026.72979707
-30006.567510721787 -30008.13026162
-30019.39153721126 -30017.8123495
-30026.05608080505 -30024.83098565
-29992.12673861604 -29990.43468885
-29977.76381279747 -29977.26845345
-30025.139474065352 -30025.42174512
-30024.511954802827 -30024.7523447
-30036.547176181368 -30037.17706949
-29980.86586411616 -29979.75748011
-30027.820884411063 -30026.73877683
-30026.286943418494 -30026.10148587
-30032.347645066468 -30030.6672865
-30023.591540767065 -30024.75397739
-30001.06334821393 -30000.92849276
-30027.116926516246 -30025.41439804
-30020.323007204977 -30022.38386453
-30015.14133180492 -30014.85882425
-29985.426114553295 -29981.0040343
-30028.834782258855 -30028.40547502
-30000.4772438444 -29994.89654195
-30015.84130966468 -30015.28631533
-30011.26998624195 -30010.64976506
-30025.48212292442 -30026.40679776
-30028.846209883075 -30029.59679007
-29994.667292250906 -29992.25104974
-30025.58640343482 -30025.51371965
-30031.275473446745 -30030.40415228
-30027.3937717403 -30027.00762545
-30023.083015542154 -30024.52104781
-29974.093259514793 -29975.75658812
-30020.618901225404 -30019.38761739
-30026.427694411672 -30026.25305336
-30030.92004205704 -30029.40712662
-30003.997327122604 -30005.98981298
-30025.960072733047 -30025.46392279
-30042.452867751676 -30040.0269193
-30028.35890841107 -30028.48602076
-30016.440122148197 -30017.61724377
-29986.037490993036 -29979.37298305
-30014.659969754703 -30013.03838166
-30015.614944304205 -30015.95054558
-30028.39769310497 -30027.25307227
-30027.11442686127 -30027.87920656
-30027.090375020976 -30027.34967274
-30011.15464446759 -30008.78415154
-30025.54674866829 -30024.63778471
-30025.036780284194 -30026.19019503
-29996.136887999935 -29994.30414979
-30026.905852154112 -30027.43702133
-30033.422472336002 -30032.919574
-30026.959433793505 -30026.86884732
-30028.25422179426 -30029.0664399
-30006.44025836894 -30006.77676664
-30002.7070750893 -30003.68745651
-30012.63409606689 -30013.616896
-30022.37444790553 -30022.57271164
-30028.645936877074 -30027.8664172
-30026.613208443923 -30027.34150932
-30026.374894983775 -30025.8862437
-30021.69790459111 -30023.03884291
-30010.57877631243 -30014.26615998
-30012.69965614101 -30011.85713483
-29990.261794258295 -29990.1593095
-30023.693826758834 -30025.38745876
-30029.427313622586 -30028.8990898
-30025.89804193232 -30026.74285854
-30029.63602334154 -30028.58806351
-29992.40192694621 -29989.76011827
-30025.111869147688 -30025.40922788
-30027.583237887786 -30025.7831125
-30026.128133349943 -30026.37359986
-30026.84392605473 -30027.98424256
-30038.400626806462 -30037.78578848
-30012.22039093222 -30011.83781474
-30035.06950632478 -30033.88258541
-30036.229533255886 -30035.4151314
-30024.6604277679 -30026.13305109
-30028.287675018066 -30027.78315032
-30014.020366956236 -30014.73854987
-30025.532397742063 -30025.67943707
-30012.246348694152 -30012.9379716
1.5576762536621198
